101
496
1 5 0.200000 1 0.200000 2 0.200000 3 0.200000 4 0.200000 5 
2 5 0.200000 1 0.200000 3 0.200000 6 0.200000 7 0.200000 8 
3 5 0.200000 9 0.200000 10 0.200000 11 0.200000 12 0.200000 13 
4 5 0.200000 14 0.200000 15 0.200000 16 0.200000 17 0.200000 18 
5 5 0.200000 19 0.200000 20 0.200000 21 0.200000 22 0.200000 23 
6 5 0.200000 2 0.200000 24 0.200000 25 0.200000 26 0.200000 27 
7 5 0.200000 23 0.200000 28 0.200000 29 0.200000 30 0.200000 31 
8 5 0.200000 32 0.200000 33 0.200000 34 0.200000 35 0.200000 36 
9 5 0.200000 3 0.200000 34 0.200000 37 0.200000 38 0.200000 39 
10 5 0.200000 3 0.200000 27 0.200000 40 0.200000 41 0.200000 42 
11 5 0.200000 34 0.200000 42 0.200000 43 0.200000 44 0.200000 45 
12 5 0.200000 46 0.200000 47 0.200000 48 0.200000 49 0.200000 50 
13 5 0.200000 19 0.200000 38 0.200000 51 0.200000 52 0.200000 53 
14 5 0.200000 4 0.200000 13 0.200000 22 0.200000 47 0.200000 54 
15 5 0.200000 4 0.200000 18 0.200000 48 0.200000 55 0.200000 56 
16 5 0.200000 52 0.200000 57 0.200000 58 0.200000 59 0.200000 60 
17 5 0.200000 51 0.200000 61 0.200000 62 0.200000 63 0.200000 64 
18 5 0.200000 28 0.200000 33 0.200000 39 0.200000 65 0.200000 66 
19 5 0.200000 5 0.200000 21 0.200000 38 0.200000 53 0.200000 67 
20 5 0.200000 5 0.200000 11 0.200000 55 0.200000 61 0.200000 68 
21 5 0.200000 19 0.200000 37 0.200000 69 0.200000 70 0.200000 71 
22 5 0.200000 8 0.200000 13 0.200000 14 0.200000 26 0.200000 35 
23 5 0.200000 35 0.200000 54 0.200000 59 0.200000 72 0.200000 73 
24 5 0.200000 4 0.200000 6 0.200000 16 0.200000 25 0.200000 74 
25 4 0.200000 5 0.400000 22 0.200000 24 0.200000 26 
26 5 0.200000 9 0.200000 25 0.200000 57 0.200000 75 0.200000 76 
27 5 0.200000 8 0.200000 76 0.200000 77 0.200000 78 0.200000 79 
28 4 0.200000 7 0.200000 27 0.400000 36 0.200000 50 
29 5 0.200000 7 0.200000 10 0.200000 34 0.200000 44 0.200000 80 
30 5 0.200000 14 0.200000 37 0.200000 66 0.200000 67 0.200000 81 
31 5 0.200000 27 0.200000 40 0.200000 69 0.200000 73 0.200000 82 
32 5 0.200000 8 0.200000 16 0.200000 41 0.200000 50 0.200000 64 
33 5 0.200000 8 0.200000 36 0.200000 48 0.200000 56 0.200000 74 
34 5 0.200000 21 0.200000 35 0.200000 62 0.200000 83 0.200000 84 
35 5 0.200000 1 0.200000 22 0.200000 34 0.200000 46 0.200000 79 
36 5 0.200000 2 0.200000 12 0.200000 28 0.200000 33 0.200000 85 
37 5 0.200000 9 0.200000 41 0.200000 62 0.200000 65 0.200000 86 
38 5 0.200000 4 0.200000 13 0.200000 43 0.200000 49 0.200000 65 
39 5 0.200000 5 0.200000 11 0.200000 18 0.200000 72 0.200000 80 
40 5 0.200000 5 0.200000 9 0.200000 10 0.200000 82 0.200000 87 
41 5 0.200000 25 0.200000 26 0.200000 32 0.200000 33 0.200000 47 
42 5 0.200000 11 0.200000 20 0.200000 33 0.200000 58 0.200000 76 
43 5 0.200000 9 0.200000 11 0.200000 54 0.200000 60 0.200000 88 
44 5 0.200000 16 0.200000 74 0.200000 86 0.200000 89 0.200000 90 
45 5 0.200000 18 0.200000 49 0.200000 71 0.200000 73 0.200000 91 
46 5 0.200000 12 0.200000 39 0.200000 70 0.200000 89 0.200000 92 
47 5 0.200000 12 0.200000 23 0.200000 41 0.200000 93 0.200000 94 
48 5 0.200000 9 0.200000 15 0.200000 31 0.200000 57 0.200000 65 
49 5 0.200000 26 0.200000 38 0.200000 43 0.200000 45 0.200000 62 
50 5 0.200000 26 0.200000 52 0.200000 58 0.200000 76 0.200000 77 
51 5 0.200000 2 0.200000 13 0.200000 53 0.200000 59 0.200000 72 
52 5 0.200000 37 0.200000 57 0.200000 67 0.200000 91 0.200000 93 
53 5 0.200000 14 0.200000 44 0.200000 79 0.200000 95 0.200000 96 
54 5 0.200000 12 0.200000 23 0.200000 33 0.200000 43 0.200000 60 
55 4 0.200000 7 0.400000 20 0.200000 28 0.200000 92 
56 5 0.200000 3 0.200000 7 0.200000 22 0.200000 60 0.200000 74 
57 5 0.200000 16 0.200000 42 0.200000 48 0.200000 57 0.200000 67 
58 5 0.200000 16 0.200000 27 0.200000 42 0.200000 62 0.200000 77 
59 5 0.200000 23 0.200000 51 0.200000 54 0.200000 59 0.200000 94 
60 5 0.200000 56 0.200000 68 0.200000 75 0.200000 83 0.200000 84 
61 5 0.200000 7 0.200000 17 0.200000 32 0.200000 69 0.200000 84 
62 5 0.200000 17 0.200000 37 0.200000 38 0.200000 69 0.200000 89 
63 5 0.200000 56 0.200000 67 0.200000 81 0.200000 93 0.200000 97 
64 4 0.200000 14 0.200000 65 0.400000 73 0.200000 92 
65 5 0.200000 18 0.200000 28 0.200000 64 0.200000 77 0.200000 84 
66 5 0.200000 14 0.200000 30 0.200000 52 0.200000 81 0.200000 98 
67 5 0.200000 30 0.200000 63 0.200000 67 0.200000 82 0.200000 83 
68 5 0.200000 7 0.200000 31 0.200000 39 0.200000 87 0.200000 90 
69 5 0.200000 19 0.200000 21 0.200000 31 0.200000 32 0.200000 47 
70 4 0.200000 41 0.400000 84 0.200000 88 0.200000 97 
71 5 0.200000 7 0.200000 21 0.200000 45 0.200000 97 0.200000 99 
72 5 0.200000 42 0.200000 60 0.200000 74 0.200000 85 0.200000 94 
73 5 0.200000 16 0.200000 31 0.200000 37 0.200000 64 0.200000 80 
74 5 0.200000 38 0.200000 54 0.200000 56 0.200000 72 0.200000 87 
75 5 0.200000 21 0.200000 26 0.200000 46 0.200000 69 0.200000 86 
76 5 0.200000 37 0.200000 50 0.200000 64 0.200000 74 0.200000 100 
77 5 0.200000 27 0.200000 45 0.200000 50 0.200000 84 0.200000 96 
78 4 0.400000 27 0.200000 71 0.200000 94 0.200000 101 
79 5 0.200000 11 0.200000 29 0.200000 53 0.200000 81 0.200000 87 
80 4 0.200000 18 0.200000 29 0.200000 39 0.400000 58 
81 5 0.200000 33 0.200000 63 0.200000 70 0.200000 79 0.200000 101 
82 4 0.200000 3 0.400000 40 0.200000 70 0.200000 100 
83 5 0.200000 17 0.200000 34 0.200000 43 0.200000 60 0.200000 82 
84 5 0.200000 27 0.200000 56 0.200000 61 0.200000 71 0.200000 92 
85 5 0.200000 20 0.200000 21 0.200000 72 0.200000 90 0.200000 100 
86 5 0.200000 4 0.200000 28 0.200000 44 0.200000 51 0.200000 75 
87 5 0.200000 59 0.200000 66 0.200000 68 0.200000 89 0.200000 101 
88 5 0.200000 56 0.200000 70 0.200000 71 0.200000 89 0.200000 98 
89 5 0.200000 20 0.200000 44 0.200000 46 0.200000 70 0.200000 93 
90 5 0.200000 6 0.200000 26 0.200000 52 0.200000 68 0.200000 85 
91 5 0.200000 7 0.200000 45 0.200000 52 0.200000 70 0.200000 78 
92 5 0.200000 7 0.200000 55 0.200000 84 0.200000 85 0.200000 93 
93 5 0.200000 7 0.200000 34 0.200000 52 0.200000 63 0.200000 70 
94 4 0.200000 25 0.200000 30 0.200000 96 0.400000 99 
95 5 0.200000 31 0.200000 42 0.200000 53 0.200000 85 0.200000 96 
96 5 0.200000 27 0.200000 32 0.200000 94 0.200000 95 0.200000 96 
97 5 0.200000 5 0.200000 43 0.200000 70 0.200000 71 0.200000 90 
98 5 0.200000 8 0.200000 44 0.200000 64 0.200000 66 0.200000 88 
99 5 0.200000 11 0.200000 12 0.200000 36 0.200000 71 0.200000 94 
100 5 0.200000 27 0.200000 46 0.200000 65 0.200000 76 0.200000 82 
101 5 0.200000 37 0.200000 78 0.200000 82 0.200000 87 0.200000 96 
